SetDesc: "CTEQ6.6 PDF fits. mem=0 => central value; mem=1-44 => 90% eigenvector sets. Use these for standard uncertainty calculations. All members have alpha_s(mz) = 0.118"
SetIndex: 10550
Authors: P.M.Nadolsky, H.-L.Lai, Q.-H.Cao, J. Huston, J.Pumplin, D.Stump, W.-K.Tung and C.-P.Yuan.
Reference: arXiv:0802.0007
Format: lhagrid1
DataVersion: 1
NumMembers: 45
Particle: 2212
Flavors: [-5, -4, -3, -2, -1, 1, 2, 3, 4, 5, 21]
OrderQCD: 1
ForcePositive: 1
FlavorScheme: variable
NumFlavors: 5
ErrorType: hessian
ErrorConfLevel: 90
XMin: 1e-08
XMax: 1
QMin: 1.3
QMax: 100000
MZ: 91.1876
MUp: 0
MDown: 0
MStrange: 0
MCharm: 1.3
MBottom: 4.5
MTop: 175
AlphaS_MZ: 0.117982
AlphaS_OrderQCD: 1
AlphaS_Type: ipol
AlphaS_Qs: [1.300000e+00, 1.494070e+00, 1.736558e+00, 2.042733e+00, 2.434177e+00, 2.941432e+00, 3.608370e+00, 4.499306e+00, 5.893804e+00, 7.911008e+00, 1.090460e+01, 1.547355e+01, 2.266071e+01, 3.434914e+01, 5.405897e+01, 8.863955e+01, 9.118760e+01, 1.519677e+02, 2.735350e+02, 5.191839e+02, 1.044223e+03, 2.236806e+03, 5.132547e+03, 1.269416e+04, 3.407485e+04, 1.000000e+05]
AlphaS_Vals: [3.965404e-01, 3.611173e-01, 3.302480e-01, 3.030806e-01, 2.789403e-01, 2.573130e-01, 2.378027e-01, 2.200963e-01, 2.037761e-01, 1.886723e-01, 1.746781e-01, 1.617005e-01, 1.496617e-01, 1.384887e-01, 1.281173e-01, 1.184886e-01, 1.179816e-01, 1.095521e-01, 1.012584e-01, 9.356307e-02, 8.642426e-02, 7.980543e-02, 7.367023e-02, 6.798551e-02, 6.271974e-02, 5.784449e-02]
AlphaS_Lambda4: 0.326
AlphaS_Lambda5: 0.226
